1
14 "一陣眩光出現，你瞇起雙眼...再睜開時，你發現你旁邊圍著一圈外星人"
外星人  "艦長想跟你見一面" 好吧 我有選擇嗎 1 1
母艦 "當你再睜開眼睛就是全然陌生的環境...觀察周圍，你似乎在一個母艦的走廊上？" 你們艦長呢 觀察四周 0,0,-1,0 0,0,0,0 1 1
母艦 "你的左邊是一條長廊，右邊有一道有窗戶的門。" 左轉 從窗戶看進去 0,0,0,0 0,0,0,0 3 2
外星人 "請問你在幹甚麼？請你回去" 嗯... 所以艦長在哪 0,0,-1,0 0,0,-1,0 1 4
母艦 "你走到了一處寬敞地帶，看起來是大廳。" 大喊 為什麼都沒有人 0,0,0,0 0,0,-1,0 5 5
外星人 "艦長在駕駛室，你可以從大廳向上走再向右走到底" 謝謝你 大廳在哪 0,0,1,0 0,0,-1,0 1 1
母艦 "沒有人回應你。你發現前方有一個電梯。" 搭乘電梯 回到走廊 0,0,0,0 0,0,0,0 6 1
母艦 "去往何處？" 向上 向下 0,0,0,0 0,0,0,0 7 0
母艦 "電梯門打開，你發現又是一條分岔的長廊。" 左轉 右轉 0,0,0,0 0,0,0,0 8 9
母艦 "你向左轉走了一陣子，卻發現盡頭還有很遠" 深入 回頭 0,0,0,0 0,0,0,0 10 7
母艦 "你向右轉走了一陣子，卻發現盡頭還有很遠" 深入 回頭 0,0,0,0 0,0,0,0 11 7
母艦 "盡頭有一個深鎖的大門，你打不開" 回頭 回頭 0,0,0,0 0,0,0,0 7 7
艦長 "你終於來了，等你好久" 我想回家 有什麼事嗎 0,0,-1,0 0,0,1,0 12 12
艦長 "只要答應我的條件，你就可以回家" 什麼條件 我好像沒有選擇 0,0,1,0 0,0,-1,0 13 13
艦長 "我們母艦在航行路上剛好碰上地球。因為你們是我們第一個碰見有溝通能力的物種，因此我們想要跟你們友好交流。還請你們在遇到我們來訪時不要太驚訝。" 原來你們真實存在 我知道了，放我回家 0,0,1,0 0,0,-1,0 14 14
"艦長向你道謝後手一揮，你眼前又出現一道白光...再抬頭，你已回到了你的位置前，你不確定這是一場午覺還是真實存在的事情。" 0
